1000 4 8 3 1000 1000 1000 1000 1000 1000 1000
4 1000 1 1000 8 6 1000 1000 1000 1000 1000
8 1 1000 8 2 1000 1000 1000 1000 1000 1000
3 1000 8 1000 1000 1000 4 1000 1000 1000 1000
1000 8 2 1000 1000 2 1000 5 1000 1000 1000
1000 6 1000 1000 2 1000 1000 3 1000 1000 1000
1000 1000 1000 4 1000 1000 1000 2 1000 1000 1000
1000 1000 1000 1000 5 3 2 1000 1000 1000 1000
1000 1000 1000 1000 1000 1000 1000 1000 1000 15 1000
1000 1000 1000 1000 1000 1000 1000 1000 15 1000 17
1000 1000 1000 1000 1000 1000 1000 1000 1000 17 1000